Basic_cosimulation_circuit/SM_Master/OpComm: 1,2 : 0.000050000000000 : 0.000050000000000, 0.000050000000000 : 1 : 0 : [0,0,0]
Basic_cosimulation_circuit/SC_console/OpComm: 1,1,1,1,1 : 0.000000000000000 : 0.000000000000000, 0.000000000000000, 0.000000000000000, 0.000000000000000, 0.000000000000000 : 1 : 0 : [0,0,0,0,0]
SampleTime=0.000050000000000
