three_phase_circuit_Sim01/SC_console/OpComm: 1,1,1,1 : 0.000000000000000 : 0.000000000000000, 0.000000000000000, 0.000000000000000, 0.000000000000000 : 1 : 0 : [0,0,0,0]
SampleTime=0.000075000000000
